-3.5677,282.83,-6.14,1689.2,-6.14,1332.7,-5.16,883.05
-2.9995,525.27,-4.98,1331.3,-4.98,1431,-4.03,1313.5
-2.0086,453.07,-4,1478.9,-4,1285.7,-3.03,2186.4
-0.98185,783.04,-2,1837.8,-2,1702.8,-2.02,958.08
0,551.45,-0.99,1648.7,-0.99,1762,-1.01,1391
0.57292,706.91,0,1185.7,0,1497.9,0,1713.4
0.99325,349.07,0.58,1763.9,0.58,1876.5,0.53,1412.5
1.9965,661.2,1.01,651.28,1.01,1118.4,0.99,737.93
3.0024,1123.9,2,909.77,2,1528.8,1.98,1077.1
3.0024,1123.9,2.86,1616.3,2.86,1441.5,2.84,1044.3
3.9862,807.26,4.02,1210.1,4.02,1421.6,3.89,604.91
4.9913,768.2,4.99,1005.5,4.99,1471.4,4.99,999.82
5.9895,744.24,6,781.14,6,801.06,5.99,864.18
7.0059,1099.6,7.01,784.18,7.01,1209.9,7,1711.2
8.0014,706.35,8.01,981.02,7.91,1257.7,7.98,1146.1
9.0023,740.7,8.86,1486.5,8.86,1376,8.99,1153.5
9.9881,1002.6,10.01,785.92,10.01,1013,9.99,1131.5
11.006,876.6,11,1004.8,11,1639.4,10.84,978.64
11.996,1037.1,12,657.11,12,1052.7,11.98,680.59
12.996,772.38,12.99,1427.4,12.99,2133.3,12.99,1514.9
14.003,913.82,13.99,1500.6,13.99,1881.8,13.98,1119.6
14.987,968.97,15,1391.3,14.99,1782.1,14.99,879
16.988,714.07,17.02,1037,17.02,1151.3,17,1047.4
18.989,521.81,19,1097.4,19,1614.1,18.99,1103.6
20.989,602.31,21.01,1006.1,21.01,1481.2,20.99,675.89
22.012,628.86,22.86,915.68,22.85,1146.2,22.99,1140.7
24.022,606.17,25,633.98,25,1747.1,24.41,1440.6
26.021,512.77,26.01,1388.7,26.01,1616.3,25.4,1092.6
27.713,1075.4,26.59,1157.4,26.59,1606,26.71,1051.3
28.442,774.31,29,1076.4,29,2086.6,27.99,573.12
28.859,1354.2,30,1295.1,30,1597.6,28.99,1190.8
30.005,1440.9,31,1160.1,31,1584.4,29.99,851.2
31,1002.2,32.01,1030.2,32.01,1261.9,30.99,776.74
32.007,1492.9,33.01,1107.6,33.01,1410.4,31.99,647.09
32.995,1430.6,34.02,1179.9,34.02,1364.7,33.98,993.61
34.011,1175.3,35.02,1429.5,35.02,1679.2,34.98,891.28
35.016,1298.3,36.01,1584,36.01,1900.1,37,573.94
35.992,1185.2,37,1280.1,37,1727.3,37.98,950.76
36.995,1219.4,38.01,1083,38.01,1571.2,38.99,1121.1
38.012,963.56,39,1313.7,39,1265,40,1291.7
38.911,1451.5,40.01,1435.9,40.01,1540.1,40.99,1044.5
39.991,1228,41,1223.1,41,1302.2,41.99,1042.8
41.012,926.64,42,1205.9,42,1672.5,42.99,902.94
42.002,1541,42.86,1410.9,42.86,1334.4,44.98,976.26
43.001,975.35,45,853.25,45,994.5,46.99,1159.8
44.99,1334,47,1324.4,47,1343.6,48.99,814.32
47.01,1306.5,49,1138.1,49,1677.3,51.98,986.18
49.012,1345.8,51.86,1298.2,51.86,1916.1,56.84,937.7
54.875,1299.3,58.01,1432.2,56.01,1704.8,57.99,887.92
55.997,1460.3,59.01,1186.3,57.02,1592.3,58.97,1102.1
57.007,1936.5,60.01,1596,58.01,1540.8,59.99,1107.8
58.008,1566.8,61.02,1540,59.01,1460.7,60.97,890.55
60.001,1545.4,62,1738.3,60.01,2180.8,61.98,592.1
62.001,1164.9,63.01,1188.1,61.02,1794.1,62.98,862.92
62.825,1507,64.01,1099.3,62,2079.2,64.98,980.18
64.014,984.1,65.86,910.98,63.01,1896.3,65.7,523.57
65.016,1317.1,67,1295.5,64.01,1574.3,66.99,898.33
66.018,1690.1,68,1681.1,65.86,1398.5,67.98,1008.6
67.003,1754.8,69,1843.1,67,1851,68.98,1145.8
68.003,1670.3,70,1657.5,68,1838.8,69.98,752.11
71.999,1514.3,70.99,1700.6,69,2226.5,70.98,730.33
72.998,1002,71.99,1603.9,70,1772.4,71.98,1127.9
74.001,1439.6,72.99,1307.5,70.99,2281.7,72.99,722.75
75.002,1474.7,77.01,1371.2,71.99,2093.1,73.99,1060.2
76.004,1077.6,77.99,1125.4,72.99,1831,74.98,1056.9
77.008,1360.1,78.86,982.14,77.01,1419,75.97,995.11
78.003,1335,80,922.66,77.99,1294.9,81,537.13
79.01,1227.6,82,1119.3,79,1237.6,81.97,971.37
80.002,866.67,83,1053.7,80,1538.6,82.98,948.53
81.994,1170.1,84.01,1846.7,80.86,1697.1,83.99,919.97
83.003,871.43,85,1165.7,82,1440.3,85.99,985.76
85.018,929.04,86,1386.7,83,1463.2,87,848.23
85.994,1130.9,87,1398.5,84.01,1721.1,87.99,727.27
87.006,1212.1,88,1340.4,85,1947.6,89.98,999.8
88.017,1457.1,89,993.51,86,1924.3,91.99,1032.5
89.004,1690.9,90,1488,86.91,1544.3,92.98,1101.9
90.01,1615.4,91.01,1548.7,88,1745.6,94.41,561.82
91.011,1217.6,94.63,1211.2,89,1590.5,0,0
92.999,975.24,0,0,90,1306.7,0,0
95.007,1493.8,0,0,91.01,1936.6,0,0
97.431,865.8,0,0,96.72,1346.2,0,0
