0,30,0,30,0,30,-1,30
0.6,69956,0.6,1.5878e+05,0.6,1.6107e+05,0,30
1,1.1322e+06,1,7.6216e+06,1,1.0999e+07,0.4,29449
2,9.9285e+06,2,3.3945e+06,2,3.2113e+05,1,5.4625e+05
3,6.7644e+05,3,3.1791e+06,3,3.4767e+06,2,6.3772e+05
4,1.0513e+06,4,3.1532e+05,4,80942,3,69021
5,7.6439e+05,5,5.4529e+05,5,33639,4,14783
6,59599,6,2.1325e+05,6,5493,5,33292
7,1.8266e+05,7,1.5075e+05,7,2912,6,13162
8,1.2652e+05,8,84353,8,1070,7,4836
9,1.8068e+05,9,1.3314e+05,9,1670,8,1999
10,2.0705e+05,10,13769,10,5170,9,295
11,2.4528e+05,11,15933,11,2622,10,1129
12,2.7752e+05,12,13867,12,1351,11,124
13,2.6648e+05,13,21237,13,2042,12,721
14,3.1696e+05,14,13939,14,1900,13,495
15,3.2955e+05,15,10630,15,1745,14,698
17,4.4019e+05,17,26178,17,2782,15,202
19,4.0713e+05,19,17265,19,916,17,104
21,2.7598e+05,21,13367,21,1419,19,136
22,1.6694e+05,23,5470,23,506,21,386
24,3.2076e+05,25,949,25,900,23,493
26,1.9457e+05,26,30,26,30,25,59
28,2401,27,30,27,30,26,30
29,30,29,30,29,30,27,30
29.5,440,30,30,30,30,28,30
30,113,31,30,31,30,29,30
31,364,32,30,32,30,30,25
32,116,33,30,33,30,31,30
33,95,34,30,34,30,32,30
34,162,35,30,35,30,34,30
35,48,36,30,36,30,35,30
36,104,37,30,37,30,37,30
37,32,38,30,38,30,38,30
38,30,39,30,39,30,40,30
39,46,40,30,40,30,41,30
40,21,41,31,41,30,42,30
41,51,42,30,42,30,43,30
42,30,43,30,43,30,45,30
43,30,45,30,45,30,47,30
45,27,47,30,47,30,49,30
47,30,49,30,49,30,52,30
49,31,52,30,52,30,56,30
53,30,59,30,57,30,57,30
55,30,60,30,58,30,59,30
56,36,61,30,59,30,60,30
57,30,62,30,60,30,61,30
59,30,63,30,61,30,62,30
61,30,64,30,62,30,63,30
62,31,65,30,63,30,65,30
63,30,67,30,64,30,66,30
64,30,68,30,65,30,67,30
65,30,69,30,67,30,68,30
66,30,70,30,68,30,69,30
67,30,71,30,69,30,70,30
71,30,72,30,70,30,71,30
72,30,73,30,71,30,72,30
73,30,74,30,72,30,73,30
74,34,78,30,73,30,74,30
75,18,79,30,74,30,75,30
76,30,80,30,78,30,76,30
77,30,81,160,79,30,81,30
78,494,83,1.506e+05,80,30,82,30
79,1.48e+06,84,31093,81,30,83,58
81,71452,85,3801,82,909,84,1455
82,31978,86,2288,83,64592,86,1156
84,1.0750e+05,87,9466,84,3.0834e+05,87,495
85,71657,88,5157,85,38225,88,65
86,27531,89,4368,86,20104,90,606
87,69475,90,2297,87,25207,92,530
88,21210,91,2194,88,21967,93,462
89,41910,92,3297,89,5376,96,438
90,31444,95,2080,90,10133,0,0
92,18567,0,0,91,2607,0,0
94,46140,0,0,92,4712,0,0
96,28855,0,0,97,3247,0,0
