-4,655,-5,754,-5,1238,-5,1382
-3,734,-4,801,-4,1504,-4,1908
-2,658,-3,697,-3,1382,-3,2535
-1,1054,-2,840,-2,1517,-2,1824
0,992,-1,757,-1,1541,-1,2395
0.6,1304,0,646,0,1467,0,2322
1,759,0.6,908,0.6,1828,0.4,1938
2,595,1,364,1,1143,1,1201
3,916,2,281,2,852,2,1305
4,1135,3,644,3,1151,3,1460
5,845,4,470,4,1107,4,1154
6,846,5,419,5,1176,5,1558
7,1217,6,341,6,835,6,1338
8,884,7,366,7,1050,7,2425
9,792,8,389,8,1078,8,1578
10,904,9,612,9,1265,9,1736
11,864,10,369,10,730,10,1374
12,846,11,391,11,1243,11,1480
13,798,12,317,12,932,12,1131
14,708,13,626,13,1708,13,1984
15,876,14,563,14,1471,14,1722
17,855,15,554,15,1419,15,1639
19,543,17,429,17,1086,17,1754
21,599,19,446,19,1175,19,1534
22,573,21,410,21,1096,21,1346
24,476,23,438,23,1072,23,1751
26,412,25,258,25,1268,25,2171
28,771,26,563,26,2663,26,1659
29,801,27,639,27,1205,27,1829
29.5,1127,29,488,29,1406,28,1072
30,1028,30,556,30,1249,29,1674
31,830,31,482,31,1261,30,1414
32,1055,32,500,32,1222,31,1301
33,1209,33,522,33,1089,32,1297
34,1041,34,531,34,1178,34,1621
35,1093,35,613,35,1437,35,1548
36,1122,36,682,36,1517,37,1092
37,1350,37,635,37,1435,38,1570
38,1082,38,532,38,1212,39,1761
39,1507,39,665,39,1149,40,1855
40,1479,40,730,40,1466,41,1755
41,1170,41,612,41,1125,42,1564
42,1638,42,675,42,1430,43,1619
43,1116,43,769,43,1290,45,1600
45,1530,45,510,45,966,47,1866
47,1567,47,704,47,1251,49,1321
49,1620,49,677,49,1525,52,1519
53,1380,52,711,52,1706,56,1517
55,1831,59,724,57,1368,58,1483
56,2230,60,578,58,1413,59,1839
57,1714,61,843,59,1423,60,1626
59,1840,62,801,60,1261,61,1628
61,1497,63,851,61,1858,62,1131
62,1529,64,597,62,1573,63,1451
63,1002,65,556,63,1714,65,1446
64,1569,67,470,64,1450,66,1020
65,1752,68,695,65,1464,67,1616
66,1600,69,697,67,1229,68,1638
67,1858,70,801,68,1787,69,1765
71,1637,71,758,69,1413,70,1352
72,1425,72,735,70,1765,71,1254
73,1718,73,754,71,1524,72,1699
74,1717,74,661,72,1878,73,1283
75,1243,78,682,73,1699,74,1527
76,1540,79,617,74,1580,75,1431
77,1449,80,554,78,1232,76,1360
78,1465,81,559,79,1106,81,950
79,1048,83,487,80,1119,82,1514
81,851,84,426,81,1208,83,1452
82,720,85,603,82,1345,84,1481
84,695,86,485,83,1239,86,1403
85,758,87,532,84,1207,87,1326
86,650,88,596,85,1206,88,1151
87,838,89,540,86,1385,90,1382
88,827,90,484,87,1306,92,1354
89,800,91,587,88,1187,93,1519
90,739,92,574,89,1141,96,893
92,918,95,439,90,1102,0,0
94,1097,97,0,91,857,0,0
96,769,0,0,92,1333,0,0
97,0,0,0,97,1067,0,0
