0,30,0,30,-1,30,-2,30
0.6,4.2097e+05,0.6,52246,0,30,-1,30
1,6.026e+06,1,1.9153e+06,0.4,19424,0,30
2,2.0387e+07,2,1.1474e+07,1,5.1519e+05,0.4,7442
3,3.3095e+06,3,2.3506e+06,2,3.7368e+05,1,2.2291e+05
4,2.7423e+05,4,1.0985e+06,3,3.9475e+05,2,2.8018e+06
5,2.1439e+05,5,1.1046e+05,4,1.6056e+05,3,21863
6,1.0092e+05,6,92349,5,49104,4,4211
7,5.5173e+05,7,43432,6,16988,5,6365
8,1.0799e+06,8,31315,7,1771,6,2154
9,1.3429e+06,9,9723,8,3067,7,1124
10,4.7923e+05,10,3391,9,627,8,12349
11,3.4159e+05,11,8691,10,539,9,2166
12,1.4835e+05,12,2108,11,444,10,194
13,1.3352e+05,13,3935,12,703,11,50
14,80444,14,4768,13,1127,12,51
15,72445,15,6187,14,2508,13,865
17,1.0369e+05,17,4531,15,279,14,162
19,77482,19,4793,17,325,15,547
21,76115,21,10588,19,873,17,62
22,69630,23,855,21,77,19,58
24,60130,25,2021,23,139,21,36
26,1.0254e+05,26,17,25,551,23,848
28,543,27,30,26,17,25,377
29,197,29,30,27,30,26,30
29.5,27,30,30,28,30,27,15
30,68,31,30,29,30,29,30
31,143,32,30,30,30,30,30
32,28,33,30,31,33,31,30
33,41,34,30,32,30,32,30
34,18,35,30,34,30,33,30
35,30,36,30,35,30,34,30
36,17,37,30,37,30,35,30
37,30,38,18,38,30,36,30
38,66,39,30,40,30,37,30
39,30,40,30,41,30,39,30
40,30,41,30,42,30,40,30
41,31,42,30,43,30,42,30
42,30,43,30,45,30,43,30
43,30,44,30,47,30,45,30
45,30,47,30,49,30,47,30
47,30,49,44,52,30,49,30
49,30,52,30,56,30,51,30
53,30,57,90,57,30,53,30
55,30,58,30,59,30,54,30
56,30,59,30,60,30,57,30
57,30,60,30,61,30,60,30
59,30,61,30,62,30,61,30
61,30,62,30,63,30,62,30
62,30,63,30,65,30,63,30
63,30,64,30,66,30,64,30
64,30,65,30,67,30,65,30
65,30,67,30,68,30,66,30
66,30,68,30,69,30,70,30
67,30,69,30,70,30,71,30
71,30,70,30,71,30,73,30
72,30,71,30,72,30,74,30
73,30,72,30,73,30,75,30
74,30,73,30,74,30,76,30
75,30,74,30,75,30,77,30
76,30,75,30,76,30,82,30
77,30,80,30,80,30,83,30
78,27,81,30,81,30,84,30
79,2.2651e+06,82,225,82,30,85,30
81,3.1896e+06,83,8.1266e+06,83,80,86,30
82,1.8349e+06,84,1.1889e+07,84,2.951e+05,87,24748
84,3.3257e+06,85,4.9807e+06,86,1.2389e+06,88,3.8547e+05
85,2.1439e+06,86,2.5822e+06,87,57415,89,1.0667e+06
86,2.0097e+06,87,4.2246e+06,88,7402,91,1096
87,1.4284e+06,88,2.2707e+06,90,6592,92,1299
88,1.3869e+06,89,1.2438e+06,92,16244,93,827
89,1.0585e+06,0,0,95,19143,95,4313
90,1.5155e+06,0,0,0,0,96,3741
92,6.8848e+05,0,0,0,0,0,0
94,1.107e+06,0,0,0,0,0,0
97,1.585e+06,0,0,0,0,0,0
