-3.5677,452.66,-5.9981,475.81,-4.9904,406.22,-5.1617,715.73
-2.9995,328.15,-4.9801,526.89,-3.9909,852.42,-4.0263,734.95
-2.0086,313.34,-4.1358,730.89,-3.0096,543.35,-3.0266,1037.1
-0.98194,369.87,-2.0029,864.55,-2.1435,909.83,-2.0229,540.7
0,402.84,-0.99474,871.88,-0.9994,774.29,-1.008,764.64
0.57312,303.29,0,869.32,0,655.4,0,550.49
0.99306,196.01,0.5755,1243.7,0.58294,933.61,0.52599,722.12
1.9964,268.75,1.0073,446.16,0.98938,447.59,0.99395,290.29
3.0023,379.58,1.9955,653.23,1.9894,847.7,1.9798,991.44
3.9862,832.6,3.0116,875.56,2.8526,1267.7,2.8426,952.75
4.9912,566.19,3.8631,540.33,4.008,596.88,3.9983,554.88
5.9895,556.31,4.9928,786.63,5.0161,616.77,4.9938,906.85
7.006,661.04,5.9951,508.82,6.0099,575.95,5.9924,876.19
8.0013,626.6,7.0127,729.71,6.9957,590.5,7.0006,666.9
9.0027,449.53,8.0106,739.99,8.0056,787.33,7.9799,684.21
9.9882,592.6,8.9919,938.7,9.013,650.52,8.9904,529.38
11.006,879.12,10.012,559.84,9.8624,1020.3,9.9889,787.74
11.996,601.5,10.853,877.09,11.008,891.01,10.842,691.28
12.996,601.52,12.001,623.72,12.017,629.06,11.984,604.53
14.003,760.84,12.99,865.99,12.996,948.48,12.986,671.98
14.987,803.88,13.991,999.88,14.006,1042.4,13.984,610.58
16.988,407.97,14.995,751.98,15.004,949.52,14.992,374.13
18.989,495.48,17.018,745.14,17,1279.9,16.999,503.69
20.989,376.64,18.997,573.78,19,855.1,18.994,840.67
22.012,331.65,21.014,569.45,21.013,655.41,20.994,644.33
24.022,263.12,23.01,715.44,23.017,690.92,22.99,719.22
26.021,312.9,24.997,552.88,25,699.15,24.413,767.65
27.713,677.52,26.007,776.27,26.01,558.09,25.404,696.05
28.442,500.46,26.859,740.74,26.866,839.32,26.711,542.88
28.859,379.2,29.001,611.6,28.999,633.21,27.987,193.84
30.005,720.38,30.004,610.48,29.994,673,28.991,1161.7
31,381.13,31.001,659.6,30.999,479.12,29.987,429.5
32.007,426,32.01,529.65,32.001,462.85,30.992,349.08
32.995,430.92,33.014,639.31,33.003,389.04,31.986,480.79
34.011,475.52,34.017,787.69,34.006,483.79,33.977,561.28
35.016,574.06,35.018,686.7,35.002,672.1,34.985,468.52
35.992,461.51,36.005,937.44,36.008,498.17,37,540.54
36.995,428.49,37.004,711.23,37.002,507.84,37.976,558.89
38.012,289.89,38.012,768.65,38.993,505.02,38.988,636.21
39.01,899.79,38.998,534.12,40.001,545.52,40,543.28
39.991,501.8,40.008,1158.1,42.016,485.38,40.986,580.23
41.012,392.18,41,739.58,42.992,676.73,41.992,593.09
42.002,703.84,41.997,551.12,45.016,967.53,42.993,532.96
43.001,387.14,43.001,718.32,47.008,551.07,44.981,453.6
44.99,915.06,44.002,649.98,49.014,658.14,46.988,482.88
47.01,915.95,47.003,939.12,51.008,614.6,48.99,526.23
49.012,607.08,49.003,608.32,52.994,494.82,51.981,555.8
54.875,38.498,51.863,912.35,54.006,558.42,56.84,18.396
55.997,25.2,55.863,24.6,56.997,718.64,57.993,31.608
57.007,93.5,57.019,22.91,60.855,112.89,58.977,202.86
58.008,290.33,58.005,59.094,62.004,63.756,59.99,680.2
60.001,953.9,59.011,120.46,63.009,114.95,60.974,574.56
62.001,832,60.013,240.48,63.993,282.56,61.981,702.24
62.825,649.28,61.017,1046.8,65.006,256.52,62.978,657.98
64.014,385.28,62,1158.6,65.006,281.35,64.98,339.62
65.016,414.74,63.011,887.78,65.989,529.15,65.7,280.2
66.018,850.71,64.006,688.18,66.997,613.71,66.989,427.77
67.004,747.52,66.008,482.72,67.994,612.15,67.983,272.25
68.004,917.28,66.854,405.4,71.002,924.78,68.979,408.81
69.011,499.5,68.005,495.84,71.58,893.7,69.983,291.54
72.997,247.14,68.999,550.38,72.999,952.17,70.984,287.77
74.001,413,70.002,369.33,73.994,1391.8,71.985,337.61
75.002,303.45,70.99,678.54,74.999,854.83,72.986,308.12
76.004,176.26,71.991,851.94,76,424.81,73.988,454.24
77.008,461.52,72.992,914.93,77,1491.1,74.981,513.24
78.003,431.27,73.911,516.7,81.998,683.31,75.97,405.34
79.01,408.3,78.999,512.77,83.005,473.58,77.607,1211.2
80.003,391.67,79.996,601.66,83.987,726.66,79.991,464.36
81.994,480.85,80.861,595.3,85.007,490.49,80.996,681.57
83.002,415.14,81.998,461.23,86.012,687.51,81.975,519.91
85.018,213.12,83.004,816.18,86.991,411.03,82.983,612.16
85.994,425.91,84.007,669.4,87.999,582.54,83.987,570.6
87.006,425.14,85.001,360.99,89.004,443.28,85.987,782.62
88.017,375.8,85.995,617.63,91.003,376.75,86.996,764.9
89.004,459.57,87.001,470.97,92.013,392.08,87.99,514.94
90.01,270.27,88.001,327.96,93.006,320.64,89.977,791.25
91.011,449.33,0,0,94.993,386.31,91.985,719.71
92.999,489.11,0,0,96.428,294.46,93.321,581.71
95.007,659.45,0,0,0,0,0,0
98.573,524.4,0,0,0,0,0,0
