-4,720,-5,997,-5,784,-5,624
-3,692,-4,1106,-4,950,-4,1311
-2,715,-3,1469,-3,1195,-3,838
-1,858,-2,1564,-2,707,-2,1397
0,1065,-1,1744,-1,758,-1,1114
0.6,912,0,1689,0,716,0,1020
1,538,0.6,2239,0.4,808,0.4,1150
2,517,1,1133,1,400,1,751
3,562,2,792,2,540,2,1048
4,1364,3,1166,3,945,3,1119
5,1116,4,767,4,517,4,919
6,801,5,989,5,729,5,869
7,1020,6,833,6,750,6,865
8,771,7,1095,7,669,7,759
9,613,8,1164,8,705,8,1072
10,782,9,1348,9,615,9,915
11,962,10,956,10,645,10,1307
12,691,11,1273,11,597,11,1208
13,738,12,1071,12,515,12,872
14,778,13,1410,13,554,13,1379
15,789,14,1541,14,486,14,822
17,594,15,1246,15,466,15,1198
19,552,17,1211,17,528,17,1425
21,505,19,1081,19,638,19,1250
22,466,21,1147,21,593,21,892
24,333,23,1259,23,751,23,903
26,408,25,1096,25,799,25,923
28,823,26,1602,26,618,26,718
29,515,27,1657,27,611,27,1107
29.5,480,29,1374,28,195,29,857
30,922,30,1266,29,1098,30,1001
31,564,31,1474,30,507,31,694
32,777,32,1227,31,452,32,719
33,791,33,1346,32,580,33,551
34,804,34,1682,34,663,34,713
35,1062,35,1507,35,576,35,1016
36,909,36,1909,37,625,36,835
37,953,37,1570,38,594,37,794
38,673,38,1555,39,699,39,842
39,1495,39,1340,40,643,40,841
40,1048,40,2378,41,699,42,701
41,882,41,1678,42,607,43,929
42,1355,42,1463,43,633,45,1287
43,751,43,1725,45,624,47,806
45,1772,44,1649,47,700,49,890
47,1869,47,1996,49,616,51,907
49,1245,49,1493,52,650,53,789
53,70,52,1922,56,40,54,717
55,27,57,62,58,24,57,987
56,127,58,26,59,78,60,168
57,248,59,92,60,178,61,577
59,135,60,168,61,183,62,109
61,238,61,130,62,233,63,109
62,281,62,367,63,291,64,87
63,269,63,506,65,170,65,137
64,305,64,694,66,179,66,139
65,568,65,707,67,241,67,161
66,551,67,731,68,193,70,371
67,738,68,780,69,269,71,320
68,521,69,687,70,260,73,335
72,405,70,684,71,264,74,544
73,660,71,439,72,271,75,353
74,541,72,765,73,273,76,228
75,386,73,744,74,368,77,723
76,847,74,704,75,444,82,321
77,785,75,525,76,358,83,258
78,793,80,559,78,439,84,370
79,872,81,694,80,460,85,303
81,476,82,685,81,641,86,421
82,518,83,562,82,545,87,285
84,214,84,310,83,612,88,368
85,362,85,219,84,634,89,203
86,345,86,124,86,323,91,269
87,346,87,176,87,508,92,234
88,375,88,115,88,470,93,235
89,243,89,85,90,650,95,304
90,319,0,0,92,624,96,275
92,365,0,0,95,565,0,0
94,525,0,0,0,0,0,0
97,485,0,0,0,0,0,0
